167
2 7 8
3 0 1 2
4 3 4 5 6
2 16 17
3 9 10 11
4 12 13 14 15
2 25 26
3 18 19 20
4 21 22 23 24
2 34 35
3 27 28 29
4 30 31 32 33
2 43 44
3 36 37 38
4 39 40 41 42
2 52 53
3 45 46 47
4 48 49 50 51
2 61 62
3 54 55 56
4 57 58 59 60
2 70 71
3 63 64 65
4 66 67 68 69
2 79 80
3 72 73 74
4 75 76 77 78
2 88 89
3 81 82 83
4 84 85 86 87
2 97 98
3 90 91 92
4 93 94 95 96
2 106 107
3 99 100 101
4 102 103 104 105
2 115 116
3 108 109 110
4 111 112 113 114
2 124 125
3 117 118 119
4 120 121 122 123
2 133 134
3 126 127 128
4 129 130 131 132
2 142 143
3 135 136 137
4 138 139 140 141
2 151 152
3 144 145 146
4 147 148 149 150
2 160 161
3 153 154 155
4 156 157 158 159
2 169 170
3 162 163 164
4 165 166 167 168
2 178 179
3 171 172 173
4 174 175 176 177
2 187 188
3 180 181 182
4 183 184 185 186
2 196 197
3 189 190 191
4 192 193 194 195
2 205 206
3 198 199 200
4 201 202 203 204
2 214 215
3 207 208 209
4 210 211 212 213
2 223 224
3 216 217 218
4 219 220 221 222
2 232 233
3 225 226 227
4 228 229 230 231
2 241 242
3 234 235 236
4 237 238 239 240
2 250 251
3 243 244 245
4 246 247 248 249
2 259 260
3 252 253 254
4 255 256 257 258
2 268 269
3 261 262 263
4 264 265 266 267
2 277 278
3 270 271 272
4 273 274 275 276
2 286 287
3 279 280 281
4 282 283 284 285
2 295 296
3 288 289 290
4 291 292 293 294
2 304 305
3 297 298 299
4 300 301 302 303
2 313 314
3 306 307 308
4 309 310 311 312
2 322 323
3 315 316 317
4 318 319 320 321
2 331 332
3 324 325 326
4 327 328 329 330
2 340 341
3 333 334 335
4 336 337 338 339
2 349 350
3 342 343 344
4 345 346 347 348
2 358 359
3 351 352 353
4 354 355 356 357
2 367 368
3 360 361 362
4 363 364 365 366
2 376 377
3 369 370 371
4 372 373 374 375
2 385 386
3 378 379 380
4 381 382 383 384
2 394 395
3 387 388 389
4 390 391 392 393
2 403 404
3 396 397 398
4 399 400 401 402
2 412 413
3 405 406 407
4 408 409 410 411
2 421 422
3 414 415 416
4 417 418 419 420
2 430 431
3 423 424 425
4 426 427 428 429
2 439 440
3 432 433 434
4 435 436 437 438
2 448 449
3 441 442 443
4 444 445 446 447
2 457 458
3 450 451 452
4 453 454 455 456
2 466 467
3 459 460 461
4 462 463 464 465
2 475 476
3 468 469 470
4 471 472 473 474
2 484 485
3 477 478 479
4 480 481 482 483
2 493 494
3 486 487 488
4 489 490 491 492
2 498 499
3 495 496 497
